# Created by Octave 6.2.0, Tue May 24 19:07:59 2022 CEST <www-data@1556a2353a7a>
# name: x
# type: matrix
# rows: 501
# columns: 5
 0 0 0 0 0
 0.0016633597603446675 0.19323293619478377 -0.00090690487771689237 1.2581972436584021 -8.6149205273793512e-06
 0.0037861430367181056 0.22926309371173442 -0.0010700812565595467 1.1644095449939862 -1.8556016701321797e-05
 0.0062285738502310863 0.2582223956934428 -0.0012001250112764076 1.0463380943744298 -2.9930222483244528e-05
 0.0089305538149875886 0.28116582359748854 -0.0013024276409863698 0.9173702235087845 -4.2466192021047862e-05
 0.011831722026133838 0.29806217044027605 -0.0013769100418519842 0.78038111108282926 -5.5885989976781051e-05
 0.014871840409501092 0.30897471107699731 -0.0014239180708394124 0.63813623734863445 -6.991276241996282e-05
 0.017991794388561619 0.31406365615493859 -0.001444239413414013 0.49332997763999931 -8.4275350867649864e-05
 0.02113452255691645 0.31357796033901308 -0.0014390653502219868 0.3485449995791885 -9.8712525913265315e-05
 0.024245858456730555 0.30784603761081608 -0.0014099475388137282 0.20621524696141047 -0.00011297681050214506
 0.027275275309420914 0.29726567293626077 -0.0013587512135653989 0.068593546526163562 -0.00012683785226782194
 0.03017652674752971 0.28229334670664613 -0.0012876057999760809 -0.062275878183015498 -0.00014008531411514058
 0.032908178745580309 0.26343318524615622 -0.0011988539225312881 -0.18457980543261865 -0.00015253126210808951
 0.035434030053532982 0.24122574471063091 -0.00109499975606399 -0.29675324192195207 -0.00016401203937821328
 0.037723420466651961 0.2162368265944985 -0.00097865762701546187 -0.39749148479082397 -0.00017438962406242365
 0.039751428190366631 0.18904651114422186 -0.00085250171472529878 -0.48575711282923351 -0.000183552478071624
 0.041498959351740999 0.16023858060936519 -0.0007192176355411648 -0.56078208060339452 -0.00019141590166465652
 0.04295273434786688 0.13039048782875079 -0.00058145661590257823 -0.62206516159810477 -0.00019792191625379996
 0.044105177187172835 0.10006400754425809 -0.00044179287644230782 -0.66936505056360174 -0.00020303870451449652
 0.044954215257579686 0.069796688459132755 -0.00030268475940785702 -0.70268949044443918 -0.00020675964264764066
 0.045502998034926578 0.040094203810116108 -0.0001664400381668576 -0.72228083514146557 -0.00020910196450050361
 0.045759544119382191 0.01142367749389625 -3.5185752015356965e-05 -0.72859849567937784 -0.00021010510116322364
 0.045736326653727365 -0.015791958045376087 8.9157186320768032e-05 -0.72229874405932759 -0.00020982874261037961
 0.045449807636199595 -0.041178536543047706 0.00020489445758563232 -0.70421236627186246 -0.00020835066995687575
 0.044919931896222225 -0.064414149630010409 0.00031057381601729559 -0.67532066388719758 -0.00020576440796530346
 0.044169591561173685 -0.08523155902544402 0.00040499560861413436 -0.63673030272554465 -0.00020217674761367727
 0.043224071716626705 -0.10341955065022104 0.00048721844169744098 -0.58964749786404225 -0.00019770518785656275
 0.042110487663978458 -0.11882326866909246 0.00055656017823527788 -0.53535200729290788 -0.00019247534424918371
 0.040857223723046177 -0.13134358244310554 0.0006125945173859693 -0.47517138261899827 -0.00018661836992297216
 0.039493382929761907 -0.14093555259576143 0.00065514346757765017 -0.41045589513259384 -0.00018026843158011811
 0.038048256258718716 -0.14760607374542314 0.00068426607562356925 -0.34255452016329713 -0.00017356027979818973
 0.036550819176177168 -0.15141078084915341 0.00070024381651888215 -0.27279232285350519 -0.00016662694909253063
 0.035029262421057708 -0.15245031349390661 0.00070356308148373245 -0.20244954519560987 -0.00015959761896536481
 0.033510562939517395 -0.15086603785051214 0.00069489522548587482 -0.13274264833999072 -0.00015259566266887331
 0.032020099882951986 -0.14683532939923519 0.00067507465002737081 -0.06480751670293694 -0.0001457369057169143
 0.030581319539279655 -0.14056652099990222 0.0006450754026928354 0.00031501782054599303 -0.00013912811138643648
 0.029215452022033839 -0.13229362050083474 0.00060598677224316805 0.06169122135046412 -0.00013286570564140902
 0.027941281509008056 -0.12227089997138932 0.00055898834742820497 0.11850401023907264 -0.00012703474917097378
 0.026774970818605741 -0.11076745493764442 0.00050532498981652532 0.17005999258166349 -0.00012170815963539986
 0.025729940152854857 -0.098061826853717698 0.00044628214651862112 0.21579402482029275 -0.00011694618282741165
 0.024816798934833326 -0.084436775621719945 0.00038316189849772406 0.25527134955187492 -0.00011279610734415163
 0.024043328836843618 -0.070174281462531629 0.00031726010505923321 0.28818741753636923 -0.0001092922135798721
 0.023414515344047069 -0.055550847026439198 0.00024984496595806651 0.31436552993391009 -0.00010645594443629424
 0.022932624534478932 -0.040833161510533345 0.00018213728025445351 0.33375246564728944 -0.00010429628214246619
 0.022597321186532432 -0.026274178912801094 0.00011529263647557441 0.34641228306350225 -0.00010281031300599496
 0.022405823853310868 -0.012109652592704856 5.0385722682924476e-05 0.35251850531888285 -0.00010198395980094674
 0.022353092171996203 0.0014448417891816112 -1.1603101444309012e-05 0.35234491338666662 -0.00010179285984406249
 0.022432041406045114 0.014196372936517432 -6.9798874608579609e-05 0.34625518181587489 -0.00010220336562143631
 0.02263377904734884 0.02597659802073285 -0.00012344069524226962 0.33469159792593628 -0.00010317364409579953
 0.022947858231626522 0.03664318154398466 -0.00017188796689720338 0.31816310684356153 -0.00010465485053607044
 0.023362542738944322 0.046080695270762251 -0.00021462426142194546 0.2972329221828599 -0.00010659235284524322
 0.023865078456737941 0.054201013902937661 -0.00025125887180170523 0.2725059356994336 -0.00010892698289344519
 0.024441966368299966 0.060943228811222661 -0.00028152616126468871 0.24461614922618213 -0.00011159629225839211
 0.025079232387653312 0.066273108960090449 -0.00030528284619972697 0.21421433899549669 -0.00011453579099951083
 0.025762689683570997 0.070182144105230798 -0.00032250337728012297 0.18195614647413638 -0.00011768014960521005
 0.026478189512138216 0.072686210353266556 -0.00033327360573134706 0.14849077151155332 -0.0001209643460130997
 0.027211856999202571 0.073823902221998861 -0.00033778293978374097 0.11445042337283806 -0.00012432474156658585
 0.027950308771621982 0.07365457841303838 -0.00033631520996631778 0.080440663543380087 -0.0001277000718934944
 0.028680849819656021 0.072256170611639414 -0.00032923847105291101 0.047031751502086605 -0.00013103234092839777
 0.029391647472537481 0.069722805781269714 -0.00031699397326955838 0.014751081402983202 -0.0001342676086059907
 0.030071880875868887 0.066162292658120375 -0.00030008453598174493 -0.01592322579503036 -0.00013735666508540059
 0.030711864864095297 0.061693522521958616 -0.00027906255373227526 -0.044567533351806965 -0.00014025558668395274
 0.031303147615537999 0.056443832884803702 -0.00025451785747878947 -0.070816684032690036 -0.00014292617096544033
 0.031838581953616815 0.050546380568301658 -0.00022706564351341013 -0.094366782301003482 -0.00014533625060724625
 0.032312370608972782 0.044137567813166828 -0.00019733466920222366 -0.11497678631036479 -0.00014745988773108568
 0.032720086177080276 0.037354561664928537 -0.0001659558987547879 -0.13246895129393677 -0.00014927745229585898
 0.033058666889339526 0.03033294299949188 -0.00013355176413989208 -0.14672818287666245 -0.00015077558989436501
 0.033326389658213044 0.023204517282617715 -0.00010072618643214065 -0.157700373808634 -0.00015194708584889601
 0.033522822155297241 0.016095314593491533 -6.8055481737973539e-05 -0.16538981049353785 -0.00015279063384880824
 0.033648755932826922 0.009123801677763721 -3.6080253839894274e-05 -0.1698557463695185 -0.00015331051850515012
 0.033706122802448078 0.0023993239214814277 -5.2983532343294166e-06 -0.17120824763704157 -0.00015351622210670721
 0.033697896839515719 -0.0039792097575549468 2.3841040274429873e-05 -0.16960342300655684 -0.0001534219665458919
 0.033627984486892283 -0.0099243909367599525 5.094217644284547e-05 -0.16523815308380119 -0.00015304620184319523
 0.033501105290256745 -0.015361121161808267 7.5666321433199017e-05 -0.15834443678442245 -0.00015241105294054523
 0.033322665809049454 -0.020227167874367014 9.7734179636201133e-05 -0.14918347186707082 -0.00015154173646537617
 0.033098629215806231 -0.024473472009613195 0.00011692717666478974 -0.13803958441964181 -0.00015046595900005064
 0.032835383024803613 -0.028064216355757093 0.00013308764736221466 -0.12521411807696237 -0.00014921330803971397
 0.032539607282177495 -0.030976667269263014 0.00014611798856561508 -0.11101938806162903 -0.00014781464630220356
 0.03221814540794081 -0.033200805427967217 0.00015597885034636556 -0.095772798012278226 -0.00014630151938466662
 0.031877879709890151 -0.034738763951613072 0.00016268645138542729 -0.079791209197868973 -0.00014470558596289839
 0.031525613394772105 -0.035604094406276848 0.00016630911395253047 -0.063385642324494951 -0.00014305807882198176
 0.031167960687939637 -0.03582088292540711 0.00016696312159924934 -0.046856381939692993 -0.00014138930401209979
 0.030811246443790935 -0.035422739923919921 0.00016480800814411061 -0.030488542646301964 -0.00013972818436314841
 0.030461416390247339 -0.034451687659210195 0.0001600413898556188 -0.014548145169111626 -0.00013810185248759629
 0.030123958905994858 -0.03295697021776689 0.00015289345399350281 0.0007212610176861034 -0.00013653529727401627
 0.029803838983613183 -0.030993810398851074 0.00014362121614755951 0.015101403095709509 -0.00013505106674411652
 0.029505444789239391 -0.028622137454041408 0.00013250265624285308 0.028401504013271017 -0.00013366902903307667
 0.029232546993959791 -0.025905308755274442 0.00011983083880913632 0.040459911658984327 -0.0001324061921743119
 0.028988270827248756 -0.022908847240679514 0.00010590811731079166 0.051145144586684621 -0.00013127658234161657
 0.028775080591653016 -0.019699214966966 9.1040515186766751e-05 0.060356370220640665 -0.00013029117923837034
 0.028594776183313911 -0.016342641322017126 7.5532367955470571e-05 0.068023340100196616 -0.00012945790643759513
 0.02844850098715327 -0.01290402246615735 5.9681301502755176e-05 0.074105814444286766 -0.00012878167367858816
 0.028336760360494921 -0.009445906420745831 4.3773611701505301e-05 0.078592515051102652 -0.00012826446742399939
 0.028259449785971068 -0.0060275759539268614 2.8080100018705221e-05 0.081499651239893556 -0.00012790548538185148
 0.028215891664735485 -0.0027042390705289132 1.2852408956709146e-05 0.082869068154721282 -0.00012770131020430742
 0.028204879634793859 0.00047366546008897892 -1.6801097502090268e-06 0.082766070268263991 -0.00012764611719113636
 0.028224729236759345 0.0034610424663393258 -1.5312972114686131e-05 0.081276975351293856 -0.00012773191055101413
 0.028273333710237297 0.0062185918664659501 -2.7868572580641874e-05 0.07850645553193969 -0.00012794878260637929
 0.028348223687651154 0.0087131367551260552 -3.9197627126877918e-05 0.074574722396981263 -0.00012828519026419617
 0.028446629557612214 0.010917829655585437 -4.9180057123740756e-05 0.069614612438764656 -0.00012872824311073967
 0.028565545295575239 0.012812240467520636 -5.7725331204003358e-05 0.063768627592995175 -0.00012926399761711819
 0.028701792603908972 0.014382331427419542 -6.4772290533292244e-05 0.057185983223047243 -0.00012987775215619337
 0.028852084264822577 0.015620325993484507 -7.0288490095888191e-05 0.050019712773534675 -0.00013055433782233839
 0.029013085685821803 0.016524479953979904 -7.4269094878282494e-05 0.042423874535071571 -0.00013127840040379462
 0.029181473706383278 0.017098764225741275 -7.6735375085456594e-05 0.034550901634210041 -0.00013203466927333383
 0.029353991834100337 0.017352469751032717 -7.7732848733408268e-05 0.026549131591788733 -0.00013280820942620293
 0.029527501186388212 0.017299745613262724 -7.7329123115093428e-05 0.018560546684879942 -0.00013358465339441061
 0.029699026527651936 0.016959081976439916 -7.5611488743331456e-05 0.010718751007658289 -0.00013435041029278316
 0.029865796909358647 0.01635274971460457 -7.2684320457999272e-05 0.0031472046578022717 -0.00013509284979450962
 0.03002528053952673 0.015506208644236602 -6.8666340486577947e-05 -0.004042270023036254 -0.00013580045938207499
 0.030175213626656316 0.014447496116349462 -6.368779742149059e-05 -0.010750700659485579 -0.00013646297376399005
 0.030313623059118312 0.013206607379929597 -5.7887613391862216e-05 -0.01689289128912197 -0.00013707147587961715
 0.030438842892685759 0.011814878611216051 -5.1410549239094307e-05 -0.02239806387965948 -0.00013761846942544404
 0.030549524724602647 0.01030438283262694 -4.4404434341447415e-05 -0.027210220495126558 -0.00013809792331897212
 0.03064464213090522 0.0087073481410190057 -3.7017503965875516e-05 -0.03128823606749509 -0.00013850528896446548
 0.030723489433410498 0.0070556067486131357 -2.939588275360555e-05 -0.034605695689258198 -0.00013883749159260909
 0.030785675142852319 0.0053800823331842662 -2.1681248270298808e-05 -0.03715049384000646 -0.00013909289730910579
 0.030831110494284164 0.0037103221191299163 -1.4008703573866626e-05 -0.038924215963795916 -0.00013927125780187024
 0.030859993549507247 0.0020740789897912282 -6.5048825742486599e-06 -0.039941325301926955 -0.0001393736349202412
 0.030872789388568182 0.00049694778542780371 7.1369332166999148e-07 -0.040228179845383627 -0.0001394023075510158
 0.030870206948159427 -0.00099794120876878223 7.5419940756118803e-06 -0.039821905700073268 -0.00013936066337456559
 0.030853173089106487 -0.0023901697147209189 1.3887587396584577e-05 -0.038769154062575417 -0.00013925307819019918
 0.030822804488285626 -0.0036622190844275426 1.967146967777418e-05 -0.037124769399255131 -0.00013908478555452772
 0.030780377952706821 -0.004799598375162889 2.4828623339199986e-05 -0.034950396329967548 -0.00013886173948189688
 0.030727299745696487 -0.005790914143615683 2.930830691917814e-05 -0.032313052168678524 -0.00013859047291471508
 0.030665074497840488 -0.0066278841331440796 3.3074088388193481e-05 -0.029283691102597098 -0.00013827795458709821
 0.030595274249434423 -0.0073052978470962149 3.6103635875914535e-05 -0.025935784639518511 -0.00013793144678156752
 0.030519508137567507 -0.0078209277225436413 3.8388283266969111e-05 -0.022343941264545863 -0.00013755836631991508
 0.030439393200646685 -0.0081753952362593751 3.9932390904874669e-05 -0.018582586270001311 -0.00013716615094046578
 0.030356526727211987 -0.0083719967839251397 4.0752523926926927e-05 -0.014724720505962852 -0.00013676213299973144
 0.030272460525399267 -0.0084164945720363871 4.087647252630684e-05 -0.010840774394510477 -0.00013635342220193059
 0.030188677435482158 -0.0083168780494408123 4.0342139700564879e-05 -0.0069975710096468191 -0.00013594679881014733
 0.03010657035167575 -0.0080831015834411379 3.9196322806136987e-05 -0.0032574093975779039 -0.00013554861853309511
 0.03002742396188942 -0.007726804157210887 3.7493415512653678e-05 0.00032272335224448057 -0.00013516473001648794
 0.029952399356414014 -0.0072610168358027694 3.5294056561897586e-05 0.0036918054293095803 -0.00013480040560265351
 0.029882521599601992 -0.0066998636235902631 3.2663751114091655e-05 0.006805295761824981 -0.00013446028576073868
 0.029818670303360401 -0.006058261124118558 2.9671489444127908e-05 0.0096255108642226972 -0.00013414833733681503
 0.029761573188558696 -0.0053516221226417027 2.6388386372387554e-05 0.012121864696939211 -0.00013386782553217604
 0.0297118025709972 -0.0045955678515023912 2.2886363122691052e-05 0.014270975373724459 -0.00013362129929248793
 0.029669774663032982 -0.0038056532790171904 1.923689134016558e-05 0.016056644570927148 -0.00013341058958312753
 0.029635751540858853 -0.0029971092941284971 1.5509816822744239e-05 0.017469717297928344 -0.00013323681983944455
 0.029609845591214348 -0.0021846051524621324 1.1772278170901307e-05 0.018507831260133667 -0.00013310042771677393
 0.029592026220303311 -0.0013820340153039568 8.0877330903092069e-06 0.019175066372589367 -0.00013300119712524654
 0.029582128582123109 -0.00060232386194408738 4.51510253991923e-06 0.019481506055137876 -0.00013293829941977056
 0.029579864063393416 0.00014272450192712172 1.1080403503595454e-06 0.019442722755635744 -0.00013291034252646645
 0.029584832247825561 0.00084257117178379581 -2.085666610774045e-06 0.019079200707172062 -0.00013291542672336516
 0.029596534073519882 0.001488041982277033 -5.0245651375032665e-06 0.018415709233747357 -0.00013295120575491782
 0.029614385893652888 0.0020714043520149439 -7.6738690466614896e-06 0.017480639985729685 -0.00013301495194600953
 0.0296377341520738 0.0025864145250300563 -1.0005661254638173e-05 0.016305321324379785 -0.00013310362399055427
 0.029665870391654279 0.0030283370575365787 -1.199896871276467e-05 0.014923322699638808 -0.00013321393612087532
 0.029698046323847413 0.0033939378166454592 -1.363971624485105e-05 0.013369761295856319 -0.00013334242741517617
 0.029733488702481867 0.003681452130443158 -1.4920567019960254e-05 0.01168062247681334 -0.00013348553006947394
 0.029771413762872061 0.0038905300525989284 -1.5840658855982071e-05 0.0098921046668951629 -0.00013363963554520437
 0.029811041008361426 0.0040221609768003042 -1.6405246773344207e-05 0.0080399982831982353 -0.000133801157601985
 0.029851606149907985 0.0040785800552270712 -1.6625263196441242e-05 0.0061591072083191367 -0.00013396659133431407
 0.029892373029733885 0.0040631590403275575 -1.6516807930716851e-05 0.00428272009036057 -0.00013413256744881612
 0.029932644386855001 0.0039802842806816729 -1.6100580527723886e-05 0.0024421375000538426 -0.00013429590114255019
 0.029971771349953182 0.0038352246609163754 -1.5401267894952163e-05 0.00066625968901590227 -0.0001344536350704383
 0.030009161571038886 0.0036339922845006201 -1.444690002136938e-05 -0.0010187615986143594 -0.00013460307601869753
 0.030044285941184593 0.0033831986595187769 -1.3268186486506991e-05 -0.0025898050845807319 -0.00013474182502902789
 0.030076683856831297 0.0030899090646024641 -1.1897846016385824e-05 -0.0040269947473310364 -0.00013486780084312402
 0.030105967031357858 0.0027614976490112353 -1.0369940762052659e-05 -0.0053138476912100163 -0.00013497925665691897
 0.030131821871375666 0.0024055056617870996 -8.7192262263258895e-06 -0.0064373564514135229 -0.00013507479028710095
 0.030154010460233038 0.0020295050146996729 -6.9805268735103872e-06 -0.0073880081168500311 -0.00013515334795735425
 0.030172370212198943 0.001640969167333528 -5.1881464484315526e-06 -0.0081597435788851591 -0.0001352142220071686
 0.030186812279507504 0.0012471530852928847 -3.3753209287985244e-06 -0.0087498610309497682 -0.00013525704291088186
 0.03019731881069963 0.00085498376930939757 -1.5737208626547721e-06 -0.0091588685446668539 -0.00013528176606804768
 0.030203939172363428 0.00047096258919962497 1.8699137581802781e-07 -0.0093902911274486023 -0.00013528865388767392
 0.030206785257370104 0.00010108038718781298 1.8795451204180842e-06 -0.0094504381215791966 -0.00013527825373801222
 0.030206026010994882 -0.00024925395507255366 3.479382687661208e-06 -0.0093481371352002185 -0.00013525137237027627
 0.030201881311919077 -0.00057527105777849252 4.9649165651534074e-06 -0.009094440902900125 -0.00013520904744902202
 0.030194615348089947 -0.00087288452279338236 6.3177218694502159e-06 -0.0087023135613764069 -0.00013515251683423926
 0.030184529627869786 -0.0011387204284890595 7.5226645549734831e-06 -0.0081863027993018811 -0.00013508318626096147
 0.03017195576497252 -0.0013701331469262723 8.5679669085100872e-06 -0.0075622042070484508 -0.00013500259605205418
 0.030157248171534465 -0.0015652080030778004 9.4452128304671869e-06 -0.0068467239197274044 -0.00013491238747958685
 0.030140776787493415 -0.0017227514872505123 1.0149296273107814e-05 -0.006057145325662372 -0.00013481426936075015
 0.030122919966476074 -0.0018422699003538268 1.0678316968448201e-05 -0.0052110052124438866 -0.00013470998543667475
 0.030104057628856699 -0.0019239374556786204 1.1033428227617673e-05 -0.0043257842553658943 -0.00013460128303783845
 0.030084564781798783 -0.0019685549793785617 1.1218642124920307e-05 -0.0034186162300573475 -0.00013448988348917351
 0.030064805494185477 -0.0019775004443525201 1.1240597791348467e-05 -0.0025060197644755089 -0.0001343774546526966
 0.030045127401643692 -0.0019526726386517868 1.110829883390859e-05 -0.0016036558471599349 -0.00013426558594667836
 0.030025856803630784 -0.0018964293102641805 1.083282607077581e-05 -0.0007261136906482335 -0.00013415576611924067
 0.03000729440103474 -0.0018115211459438507 1.0427031831865513e-05 0.00011327307724906532 -0.00013404936399197904
 0.029989711709182663 -0.0017010229338288996 9.9052220254449526e-06 0.00090257854504338653 -0.0001339476123268685
 0.029973348167787753 -0.0015682632294199417 9.2828320209693707e-06 0.0016314042330431988 -0.00013385159490837608
 0.029958408956406384 -0.0014167537938566677 8.5761021547679827e-06 0.0022909662413992393 -0.00013376223687334515
 0.029945063511618165 -0.0012501200043651683 7.8017583379832176e-06 0.0028741502358482496 -0.00013368029826472152
 0.029933444730557226 -0.001072033351467383 6.9767028455636594e-06 0.00337553519395839 -0.00013360637073234267
 0.029923648834761962 -0.00088614703841796705 6.1177199021270967e-06 0.0037913873070993809 -0.00013354087725549212
 0.029915735858700047 -0.00069603558782091457 5.2412001664705428e-06 0.0041196258551425835 -0.00013348407471829455
 0.029909730718866611 -0.00050513924099415686 4.3628876630052169e-06 0.0043597632379430706 -0.00013343605913074933
 0.029905624812122097 -0.00031671380991271647 3.4976521270235891e-06 0.0045128216568233182 -0.00013339677325560536
 0.029903378085984006 -0.00013378651194678737 2.659289132830975e-06 0.0045812291887936674 -0.00013336601637459181
 0.029902921518939661 4.0881813472976036e-05 1.8603497703796644e-06 0.0045686981852763875 -0.00013334345590684552
 0.029904159945508765 0.00020482783739880772 1.1120010376498369e-06 0.0044800890559713036 -0.00013332864057771985
 0.029906975158735707 0.00035591008156019011 4.2391753234517857e-07 0.0043212625684800887 -0.00013332101482742194
 0.029911229221992811 0.00049232644702465467 -1.9579553349024625e-07 0.0040989238076265533 -0.00013331993414591244
 0.029916767922368404 0.0006126250278079004 -7.4064850049359015e-07 0.0038204608980694221 -0.00013332468102293665
 0.029923424299422938 0.00071570841331480839 -1.205783604567843e-06 0.0034937815036004682 -0.00013333448120958277
 0.02993102218563266 0.00080083178129294885 -1.5879629334812672e-06 0.0031271499807954406 -0.00013334851999996503
 0.029939379698302068 0.00086759517008899723 -1.8855298307187676e-06 0.0027290278883755903 -0.00013336595825803085
 0.029948312627001913 0.00091593039456175362 -2.0983459211124664e-06 0.0023079203420028893 -0.00013338594793457556
 0.029957637665560533 0.00094608313342059436 -2.2277062178816366e-06 0.001872230462900637 -0.0001334076468427673
 0.029967175443178912 0.00095859076665205656 -2.2762349980591555e-06 0.0014301239033935875 -0.00013343023248626578
 0.029976753315228272 0.00095425657993344903 -2.2477653023950583e-06 0.00098940514904644061 -0.0001334529147617824
 0.029986207880596655 0.00093412097860079424 -2.1472050271649284e-06 0.00055740700137629773 -0.00013347494738709463
 0.029995387198953706 0.00089943036711909174 -1.9803926303725008e-06 0.00014089434276876034 -0.00013349563793552344
 0.030004152687879648 0.00085160435158665448 -1.7539454758589085e-06 -0.00025401701827520995 -0.00013351435638815572
 0.030012380686341183 0.00079220191323775557 -1.4751037889845905e-06 -0.00062192592291410165 -0.00013353054214512133
 0.030019963677385082 0.00072288718098978411 -1.1515731005226756e-06 -0.00095819565079890978 -0.00013354370946652277
 0.030026811169061644 0.00064539540174715637 -7.9136791557483672e-07 -0.001258987991460403 -0.00013355345134171694
 0.030032850238395154 0.00056149966945343022 -4.0265916650147979e-07 -0.0015212819281158474 -0.0001335594418121569
 0.03003802574860907 0.00047297892889444637 6.3722017971468495e-09 -0.0017428775036139044 -0.00013356143679756291
 0.03004230025472282 0.00038158771917232159 4.2767340395174266e-07 -0.0019223856547341267 -0.00013355927349750665
 0.030045653617010042 0.00028902806580236029 8.5344789312036522e-07 -0.0020592049918903843 -0.00013355286846031072
 0.030048082345602016 0.0001969238707533183 1.276271772538101e-06 -0.0021534866647345829 -0.00013354221442830194
 0.030049598702704287 0.00010679808767177779 1.689197251931074e-06 -0.0022060885890098358 -0.0001335273760827729
 0.030050229591450924 2.0052906184425678e-05 2.0858421529650712e-06 -0.0022185204156908167 -0.00013350848482342626
 0.030050015262341839 -6.2046894298700694e-05 2.4604647597680244e-06 -0.002192880699808164 -0.00013348573272557328
 0.030049007869499197 -0.00013838732338261606 2.808023597464346e-06 -0.0021317877738245006 -0.00013345936582395701
 0.030047269909652854 -0.00020801525376795693 3.124221999148088e-06 -0.002038305849878741 -0.00013342967687484365
 0.030044872576846727 -0.0002701452110208391 3.4055375855549007e-06 -0.001915867867876786 -0.00013339699774809027
 0.030041894065380107 -0.00032416295350715107 3.6492370283288137e-06 -0.0017681965740063976 -0.00013336169159840417
 0.030038417852500828 -0.00036962596667369785 3.8533766939945245e-06 -0.0015992252587262445 -0.00013332414496015218
 0.030034530990897215 -0.00040626104062360668 4.0167899688995637e-06 -0.0014130195069139706 -0.00013328475990307035
 0.030030322439144771 -0.000433959139285095 4.1390622434563833e-06 -0.0012137012181312468 -0.00013324394637731032
 0.030025881456007784 -0.00045276780305805731 4.2204946853534276e-06 -0.0010053760445065674 -0.0001332021148656955
 0.030021296081934171 -0.00046288135441455158 4.2620580550839548e-06 -0.00079206527034614282 -0.00013315966944912221
 0.030016651728274557 -0.00046462919739953534 4.2653379126134051e-06 -0.00057764302403628953 -0.00013311700137800617
 0.030012029891765459 -0.00045846251732448162 4.2324726313109967e-06 -0.00036577957196293198 -0.00013307448322882675
 0.030007507008701827 -0.00044493969625766794 4.1660856749100922e-06 -0.0001598912988052259 -0.00013303246371043924
 0.030003153460046231 -0.00042471076338404523 4.0692136061010057e-06 3.6902168619512565e-05 -0.00013299126317018177
 0.029999032735537053 -0.00039850119721110411 3.9452312828139628e-06 0.00022181338318350008 -0.00013295116983515963
 0.029995200761720766 -0.00036709538928850205 3.7977756618712581e-06 0.00039241487741659142 -0.00013291243680969172
 0.02999170539579336 -0.00033132006701358518 3.6306695715850436e-06 0.00054665931188813133 -0.00013287527983598107
 0.029988586084238881 -0.0002920279566874795 3.4478467371624371e-06 0.00068289207268490415 -0.00013283987581182797
 0.029985873682539459 -0.00025008194779557735 3.2532792479570511e-06 0.00079985653987701966 -0.00013280636204682727
 0.029983590429736112 -0.00020633999606134434 3.0509085462417053e-06 0.00089669235939204839 -0.0001327748362271362
 0.02998175006937254 -0.00016164097675311351 2.8445808959084171e-06 0.00097292714929042567 -0.00013274535704870059
 0.029980358106378471 -0.00011679167158937243 2.6379881591032583e-06 0.0010284621571148289 -0.0001327179454698879
 0.02997941218776274 -7.2555042992222818e-05 2.4346145719667195e-06 0.0010635524570272725 -0.00013269258652687639
 0.029978902593600705 -2.963991895163498e-05 2.2376900700335446e-06 0.0010787823334823532 -0.00013266923164893818
 0.029978812823721831 1.1307819041572742e-05 2.0501505720698634e-06 0.0010750365419716079 -0.00013264780140595774
 0.02997912026473229 4.9712483129543683e-05 1.8746054905946366e-06 0.0010534681670721913 -0.00013262818861714467
 0.029979796921538772 8.507422929618369e-05 1.7133126003920527e-06 0.00101546381386175 -0.00013261026174790459
 0.029980810197364434 0.00011697310735786504 1.5681602650059875e-06 0.00096260687134774869 -0.00013259386852118251
 0.029982123706352091 0.00014507153454584865 1.4406568974630876e-06 0.00089663957654950721 -0.00013257883967021756
 0.029983698103215273 0.00016911524163573666 1.3319274169059985e-06 0.00081942458617589864 -0.00013256499276146722
 0.029985491915003725 0.00018893276345863241 1.242716358834813e-06 0.00073290673052639477 -0.00013255213601937179
 0.029987462360872311 0.00020443356598337514 1.1733972044245542e-06 0.00063907558241127482 -0.00013254007208852376
 0.029989566146754531 0.00021560491979533136 1.1239874147366815e-06 0.00053992942383151998 -0.00013252860167356124
 0.029991760223016674 0.00022250764457298899 1.0941685892326214e-06 0.0004374411361776076 -0.00013251752700258983
 0.029994002494475987 0.00022527086099416449 1.0833111151723916e-06 0.0003335264771375801 -0.00013250665506601885
 0.029996252473577553 0.00022408589536046519 1.090502635315454e-06 0.00023001514077436447 -0.00013249580058923862
 0.029998471869009266 0.00021919948813289847 1.1145796357869353e-06 0.00012862492762266697 -0.00013248478870443123
 0.030000625103563775 0.0002109064605936295 1.1541614435695144e-06 3.0939280591502083e-05 -0.00013247345729386052
 0.030002679756601869 0.00019954199410343598 1.2076859233956959e-06 -6.1611628858981859e-05 -0.00013246165898410156
 0.0300046069280069 0.00018547367406707149 1.273446176014415e-06 -0.0001477661500983718 -0.00013244926277772087
 0.030006381522018812 0.00016909344593674103 1.3496275630780997e-06 -0.00022644269229976643 -0.00013243615531579084
 0.030007982450776675 0.00015080962360083938 1.4343444171535701e-06 -0.00029674757207232005 -0.00013242224177121154
 0.030009392758758691 0.00013103908156086863 1.5256758375154509e-06 -0.00035797924982472473 -0.00013240744637902361
 0.030010599670570948 0.00011019975165976748 1.6217000221801321e-06 -0.00040962909105801693 -0.0001323917126156466
 0.030011594565684498 8.8703533065198625e-05 1.720526642838365e-06 -0.00045137883941692714 -0.00013237500304419633
 0.030012372884742216 6.6949711015618085e-05 1.8203268305896437e-06 -0.00048309503290155931 -0.00013235729884766528
 0.030012933972942406 4.5318965794627353e-05 1.9193604053972238e-06 -0.00050482063275447686 -0.00013233859907574907
 0.030013280866748031 2.4168038789851298e-05 2.0160000496217403e-06 -0.00051676416594892416 -0.00013231891963443686
 0.030013420030764737 3.8251076030781928e-06 2.1087521946146605e-06 -0.00051928670671808064 -0.00013229829205013702
 0.030013361052075759 -1.5414092735727136e-05 2.1962744578899992e-06 -0.00051288704023755294 -0.00013227676204207719
 0.030013116299618756 -3.3289380072576424e-05 2.2773895357611424e-06 -0.00049818536241530431 -0.00013225438793800344
 0.030012700556341799 -4.9578458785837221e-05 2.3510955213980203e-06 -0.00047590587404600093 -0.00013223123896882722
 0.030012130631889084 -6.4098482161267789e-05 2.4165726801116507e-06 -0.00044685862559679101 -0.00013220739347785689
 0.030011424963449204 -7.6706861514730384e-05 2.473186771433729e-06 -0.00041192096102871112 -0.00013218293707963999
 0.030010603212159394 -8.7301351725910248e-05 2.5204890604881751e-06 -0.00037201889578808434 -0.00013215796080227754
 0.030009685862109243 -9.5819453312162572e-05 2.5582132086580294e-06 -0.00032810874595656792 -0.00013213255924540487
 0.030008693828538893 -0.0001022371803618416 2.5862692751137681e-06 -0.00028115930311312098 -0.00013210682878391996
 0.030007648081293428 -0.00010656725147870083 2.6047350960676932e-06 -0.00023213482336692515 -0.0001320808658450435
 0.030006569288990141 -0.00010885676731048344 2.6138453373844529e-06 -0.00018197906989625423 -0.00013205476528347593
 0.030005477488693623 -0.00010918444321744714 2.613978538341011e-06 -0.00013160061686723346 -0.00013202861887634521
 0.03000439178518919 -0.00010765746918120489 2.6056424798393289e-06 -8.185958944206817e-05 -0.00013200251395637698
 0.030003330083212227 -0.00010440807118178297 2.5894582194330986e-06 -3.3555980409216701e-05 -0.00013197653219833619
 0.030002308855243982 -9.9589849026637811e-05 2.5661431382657416e-06 1.2580350641888671e-05 -0.00013195074857034569
 0.030001342946736051 -9.3373965069226683e-05 2.5364933418221781e-06 5.5897924044812086e-05 -0.00013192523045824878
 0.030000445419889447 -8.5945256485558952e-05 2.5013657476206886e-06 9.5830094746229832e-05 -0.00013190003696780185
 0.029999627436400871 -7.7498340887910411e-05 2.4616601790994732e-06 0.00013189970934690542 -0.00013187521840621832
 0.029998898178909772 -6.8233781159887652e-05 2.4183017665067646e-06 0.00016372199042979929 -0.00013185081594148051
 0.029998264810244171 -5.8354370614049911e-05 2.3722239331642721e-06 0.00019100570150842877 -0.00013182686143493744
 0.029997732468979268 -4.8061594041554079e-05 2.324352219630686e-06 0.00021355267176570436 -0.00013180337744004935
 0.029997304299297489 -3.7552314070765647e-05 2.2755891696961449e-06 0.00023125578280835946 -0.0001317803773577556
 0.029996981512677254 -2.7015725625328946e-05 2.2268004714137918e-06 0.00024409553964521713 -0.00013175786573685509
 0.029996763478544436 -1.6630614302959312e-05 2.1788025141685407e-06 0.00025213536489943067 -0.00013173583870601676
 0.029996647840698037 -6.5629473279538164e-06 2.1323514897141375e-06 0.00025551576874360826 -0.00013171428452259218
 0.029996630656071228 3.0361815094304134e-06 2.0881341317979243e-06 0.00025444755720238632 -0.00013169318422228998
 0.02999670655221082 1.2032238698389541e-05 2.0467601559887331e-06 0.00024920424829999455 -0.00013167251235299068
 0.029996868899751186 2.0308562418080989e-05 2.0087564291975573e-06 0.00024011386910594013 -0.00013165223777552622
 0.029997109996120361 2.7767298024949927e-05 1.9745628675886572e-06 0.0002275503072171059 -0.00013163232451410912
 0.029997421256743279 3.4329963477741643e-05 1.9445300325798181e-06 0.0002119243877343191 -0.00013161273263925506
 0.029997793410095612 3.9937656448968406e-05 1.9189183678237952e-06 0.00019367484157561954 -0.00013159341916648247
 0.029998216693106303 4.4550920223707102e-05 1.8978989957265475e-06 0.00017325932327794114 -0.00013157433895476744
 0.029998681043602305 4.814929024266057e-05 1.8815559705236519e-06 0.00015114562651818986 -0.00013155544558965648
 0.029999176286728633 5.0730547261818026e-05 1.8698898663361543e-06 0.00012780323374039781 -0.00013153669223706549
 0.029999692312554421 5.2309706544434453e-05 1.8628225631767961e-06 0.00010369532282550331 -0.00013151803245508859
 0.030000219242384097 5.2917775250183041e-05 1.8602030815850898e-06 7.9271338992104035e-05 -0.00013149942095257503
 0.030000747581625367 5.2600312237277569e-05 1.861814307518579e-06 5.4960224384892342e-05 -0.00013148081428477352
 0.030001268357415085 5.1415825851663932e-05 1.8673804432521113e-06 3.1164381451898038e-05 -0.00013146217147795922
 0.030001773239563934 4.9434045957974515e-05 1.8765750172596582e-06 8.2544294783826189e-06 -0.00013144345457661715
 0.030002254643743963 4.6734106499801698e-05 1.8890292862451226e-06 -1.3435203091161085e-05 -0.000131424629108428
 0.030002705816203536 4.3402674297005062e-05 1.9043408654844394e-06 -3.3609824423574963e-05 -0.00013140566446395732
 0.030003120899646078 3.9532058640601164e-05 1.9220824291988963e-06 -5.2017153035155417e-05 -0.00013138653418956226
 0.030003494980246653 3.5218334583447808e-05 1.9418103306142282e-06 -6.8449124627223412e-05 -0.00013136721619357481
 0.030003824116099153 3.0559510704658566e-05 1.963073001327322e-06 -8.2742851425399166e-05 -0.00013134769286727541
 0.030004105347682396 2.5653769609779165e-05 1.9854190013952411e-06 -9.4780766577429176e-05 -0.00013132795112351763
 0.030004336691202071 2.0597806581451605e-05 2.0084046048084907e-06 -0.00010448999799139713 -0.00013130798235708467
 0.030004517115904218 1.548528868466903e-05 2.0316008194650294e-06 -0.00011184102641847993 -0.00013128778233194085
 0.030004646506662624 1.0405453323591995e-05 2.0545997560550725e-06 -0.00011684569146241941 -0.00013126735100147405
 0.030004725613315301 5.4418618102569649e-06 2.0770202761437881e-06 -0.00011955461651580457 -0.00013124669226860186
 0.030004755988363455 6.7132000367009503e-07 2.0985128658591217e-06 -0.00012005412931315185 -0.00013122581369323107
 0.030004739914749265 -3.8370254237252155e-06 2.1187636977069166e-06 -0.00011846275886950863 -0.00013120472615501497
 0.030004680325497204 -8.022409982072487e-06 2.137497858827552e-06 -0.00011492739205976044 -0.00013118344347964867
 0.030004580717037807 -1.1832991844540341e-05 2.1544817392897151e-06 -0.00010961917403329302 -0.00013116198203708254
 0.0300044450580347 -1.5226211206975648e-05 2.169524588501435e-06 -0.00010272923613219298 -0.00013114036032002471
 0.030004277695506634 -1.8168972887561141e-05 2.1824792613521623e-06 -9.4464333074917306e-05 -0.00013111859851095407
 0.030004083259978859 -2.0637659249200802e-05 2.193242188080406e-06 -8.5042467995233295e-05 -0.0001310967180455864
 0.03000386657131492 -2.2617982975120521e-05 2.2017526129719045e-06 -7.4688579623671814e-05 -0.00013107474118033964
 0.030003632546773549 -2.4104691373399989e-05 2.2079911566947512e-06 -6.3630360570110511e-05 -0.00013105269057084307
 0.030003386112709349 -2.5101135713051503e-05 2.2119777653035197e-06 -5.2094269516578251e-05 -0.00013103058886794567
 0.030003132121192926 -2.5618720589148936e-05 2.2137691156487059e-06 -4.0301793251540374e-05 -0.00013100845833701266
 0.030002875272670374 -2.5676249469253065e-05 2.2134555520532612e-06 -2.8466007059746445e-05 -0.00013098632050557578
 0.030002620045615904 -2.529918339302939e-05 2.2111576327060517e-06 -1.6788474180851054e-05 -0.00013096419584363478
 0.03000237063395908 -2.4518830282510562e-05 2.2070223662824925e-06 -5.4565170093390236e-06 -0.00013094210348011127
 0.03000213089289247 -2.3371482483575123e-05 2.2012192198843936e-06 5.3591154274279518e-06 -0.00013092006095814728
 0.030001904293489774 -2.1897520019187322e-05 2.1939359785735609e-06 1.5506167244438984e-05 -0.00013089808403113264
 0.030001693886391539 -2.0140496606313452e-05 2.1853745346751179e-06 2.4852374147954492e-05 -0.00013087618650055216
 0.030001502274648366 -1.8146224799148181e-05 2.1757466816923728e-06 3.3286539563581741e-05 -0.00013085438009597725
 0.030001331595652284 -1.5961875696163252e-05 2.165269983321551e-06 4.0719194599025954e-05 -0.00013083267439679985
 0.030001183511938114 -1.3635107516341005e-05 2.1541637827275943e-06 4.7082854656377293e-05 -0.00013081107679462648
 0.030001059210499975 -1.1213236043000618e-05 2.1426454111442414e-06 5.2331891540413622e-05 -0.00013078959249462958
 0.03000095941014528 -8.7424584822581863e-06 2.1309266481165648e-06 5.6442045310189926e-05 -0.00013076822455359519
 0.030000884376300756 -6.2671407221048803e-06 2.1192104784668745e-06 5.9409604773907887e-05 -0.00013074697395191914
 0.030000833942593442 -3.8291763372333421e-06 2.107688183482421e-06 6.1250289450143214e-05 -0.00013072583969639037
 0.030000807538454417 -1.4674239992573668e-06 2.0965367960480838e-06 6.1997868946450652e-05 -0.00013070481895026428
 0.030000804221935077 7.8277174953012008e-07 2.0859169416192905e-06 6.1702558064924418e-05 -0.00013068390718687045
 0.030000822716884475 2.8899730872278262e-06 2.0759710791874763e-06 6.0429227503489003e-05 -0.00013066309836281932
 0.030000861453612002 4.8269532431088891e-06 2.0668221488365354e-06 5.8255470853252334e-05 -0.00013064238510676875
 0.03000091861215121 6.570912518377714e-06 2.058572625288752e-06 5.5269568645988087e-05 -0.00013062175891968153
 0.030000992167247702 8.1036074380258505e-06 2.0513039700309878e-06 5.1568389617395738e-05 -0.00013060121038254574
 0.030001079934215406 9.4113958511166107e-06 2.0450764683393628e-06 4.7255268089685387e-05 -0.00013058072936763556
 0.030001179614840071 1.0485202049520526e-05 2.0399294318346759e-06 4.2437894544056221e-05 -0.00013056030524955564
 0.030001288842555169 1.1320407086762296e-05 2.0358817421610052e-06 3.7226254105737766e-05 -0.00013053992711253224
 0.03000140522617227 1.1916670438705257e-05 2.032932707045289e-06 3.1730644865834989e-05 -0.00013051958395068005
 0.03000152639151335 1.2277689949186099e-05 2.0310631964009064e-06 2.6059804775657724e-05 -0.00013049926485827982
 0.030001650020365332 1.2410907644339053e-05 2.0302370232709978e-06 2.0319172387095463e-05 -0.00013047895920744067
 0.030001773886255582 1.232716947263679e-05 2.0304025323258099e-06 1.4609303002455221e-05 -0.00013045865681088323
 0.030001895886629174 1.2040347340563917e-05 2.031494357271151e-06 9.0244579409315406e-06 -0.00013043834806796079
 0.030002014071093489 1.1566931966744409e-05 2.0334353079066092e-06 3.6513807091242967e-06 -0.0001304180240924253
 0.030002126665481035 1.0925605079342704e-05 2.0361383476472138e-06 -1.4317300811583777e-06 -0.00013039767682083807
 0.030002232091565929 1.0136799338089642e-05 2.0395086230516743e-06 -6.1560450741460215e-06 -0.00013037729910091351
 0.030002328982352194 9.222254088114834e-06 2.0434455082317263e-06 -1.0462723590620726e-05 -0.00013035688475946313
 0.030002416192931043 8.2045746567227518e-06 2.0478446289081851e-06 -1.430332946394941e-05 -0.0001303364286499686
 0.030002492806979131 7.1068024025677801e-06 2.0525998332352738e-06 -1.7640047992317776e-05 -0.0001303159266801542
 0.030002558139038901 5.952002129688827e-06 2.057605079300545e-06 -2.0445711781391651e-05 -0.0001302953758202439
 0.030002611732784911 4.7628728094550876e-06 2.0627562123532025e-06 -2.2703646026522861e-05 -0.00013027477409287353
 0.030002653355536001 3.561386818090595e-06 2.0679526081885313e-06 -2.4407346203014768e-05 -0.0001302541205458819
 0.030002682989321135 2.3684621194564048e-06 2.073098662748441e-06 -2.5560003219515792e-05 -0.00013023341520942177
 0.030002700818847265 1.203671014526897e-06 2.078105111712387e-06 -2.6173892775593899e-05 -0.00013021265903901311
 0.030002707216749545 8.4988255044660121e-08 2.0828901676547959e-06 -2.6269647003918095e-05 -0.0001301918538463036
 0.030002702726528017 -9.714195035037676e-07 2.0873804661192307e-06 -2.5875427406507612e-05 -0.0001301710022194076
 0.030002688043590759 -1.9513617425248597e-06 2.0915118156774768e-06 -2.5026018660501137e-05 -0.0001301501074347616
 0.030002663994831053 -2.8427492307636637e-06 2.0952297506163448e-06 -2.3761863089610813e-05 -0.0001301291733624664
 0.030002631517166325 -3.6356766433542909e-06 2.0984898882956933e-06 -2.212805544266061e-05 -0.00013010820436708219
 0.030002591635459413 -4.3224637029659618e-06 2.1012580963907347e-06 -2.0173317170302241e-05 -0.00013008720520580602
 0.030002545440229025 -4.8976565343028522e-06 2.1035104781204307e-06 -1.7948968628056505e-05 -0.00013006618092589495
 0.030002494065536373 -5.3579914941759288e-06 2.10523318617433e-06 -1.5507916608648031e-05 -0.00013004513676310338
 0.030002438667409818 -5.7023242416853748e-06 2.1064220783038228e-06 -1.2903673358932721e-05 -0.0001300240780427843
 0.030002380403139461 -5.9315272382121087e-06 2.1070822294662903e-06 -1.0189421764783546e-05 -0.00013000301008516505
 0.030002320411739954 -6.0483592143611986e-06 2.1072273169714514e-06 -7.4171397794753346e-06 -0.00012998193811615094
 0.030002259795843103 -6.0573104103955888e-06 2.1068788962592478e-06 -4.6367954136261602e-06 -0.00012996086718483925
 0.030002199605242526 -5.9644275846315598e-06 2.1060655857868928e-06 -1.8956217815446763e-06 -0.00012993980208874566
 0.030002140822272382 -5.777122894679021e-06 2.1048221799368225e-06 7.6252021274925141e-07 -0.00012991874730755741
 0.030002084349160598 -5.5039707934356752e-06 2.103188709020134e-06 3.2976858574951251e-06 -0.00012989770694603794
 0.030002030997456006 -5.1544970432748638e-06 2.1012094652100551e-06 5.6742934995135386e-06 -0.00012987668468651721
 0.030001981479587939 -4.7389638513917198e-06 2.098932012752964e-06 7.8614723524328411e-06 -0.00012985568375121644
 0.030001936402577853 -4.2681549607126446e-06 2.0964062000080252e-06 9.8333110984949457e-06 -0.00012983470687447571
 0.030001896263885032 -3.7531643160837458e-06 2.0936831898209001e-06 1.1569008785849988e-05 -0.00012981375628478279
 0.030001861449333748 -3.2051916525333013e-06 2.0908145234936311e-06 1.3052931115309363e-05 -0.00012979283369634253
 0.030001832233037044 -2.6353480479246461e-06 2.0878512321603976e-06 1.4274576584982768e-05 -0.00012977194030978011
 0.030001808779203842 -2.0544741362871211e-06 2.0848430077930911e-06 1.5228458256411059e-05 -0.00012975107682144214
 0.030001791145690713 -1.4729733134599687e-06 2.0818374443515178e-06 1.5913907969400398e-05 -0.00012973024344064486
 0.030001779289138362 -9.0066187818926835e-07 2.0788793578164653e-06 1.6334810757800966e-05 -0.00012970943991412299
 0.030001773071515428 -3.4663765682840797e-07 2.076010192005929e-06 1.6499277939008294e-05 -0.00012968866555685435
 0.030001772267878649 1.8083174094241095e-07 2.0732675152446622e-06 1.6419267902190171e-05 -0.00012966791928837541
 0.030001776575149047 6.7440028347909298e-07 2.0706846111272952e-06 1.6110163977289815e-05 -0.00012964719967366179
 0.030001785621698113 1.1277141296894833e-06 2.0682901648605987e-06 1.5590318947156234e-05 -0.00012962650496762358
 0.030001798977536229 1.535461497281787e-06 2.0661080449630624e-06 1.488057578202806e-05 -0.00012960583316225973
 0.030001816164897419 1.8934021401295631e-06 2.0641571785194124e-06 1.4003774027049332e-05 -0.00012958518203552539
 0.030001836669019576 2.198377109102756e-06 2.0624515167101372e-06 1.2984250960856869e-05 -0.0001295645492009922
 0.030001859948927654 2.4482997663666239e-06 2.0610000860148874e-06 1.1847346222948474e-05 -0.0001295439321574204
 0.030001885448038269 2.6421292799450047e-06 2.0598071192998906e-06 1.0618918038662883e-05 -0.00012952332833741432
 0.03000191260441765 2.77982805169108e-06 2.0588722600048794e-06 9.3248785149047109e-06 -0.0001295027351543954
 0.030001940860540244 2.8623047169940019e-06 2.0581908317856895e-06 7.9907547223534436e-06 -0.00012948215004719943
 0.03000196967241265 2.891344504374338e-06 2.0577541653238026e-06 6.6412814705429923e-06 -0.00012946157052168441
 0.030001998517945723 2.8695288518953976e-06 2.0575499735218808e-06 5.3000308029016452e-06 -0.00012944099418882082
 0.030002026904477397 2.800146249676283e-06 2.0575627659912216e-06 3.9890823269050912e-06 -0.00012942041879882593
 0.030002054375368355 2.6870963126257585e-06 2.0577742936056563e-06 2.7287375941043024e-06 -0.00012939984227099518
 0.030002080515612956 2.5347890846294518e-06 2.0581640139198361e-06 1.5372807828928359e-06 -0.00012937926271897594
 0.030002104956427571 2.348041542782342e-06 2.0587095684170302e-06 4.307870680175796e-07 -0.00012935867847132073
 0.03000212737879791 2.1319732028401983e-06 2.0593872628911361e-06 -5.7702085243249712e-07 -0.0001293380880872451
 0.030002147515985515 1.8919026331942757e-06 2.0601725426926077e-06 -1.474868418505082e-06 -0.00012931749036760069
 0.030002165155011005 1.6332465658519535e-06 2.0610404551495718e-06 -2.2539782000841058e-06 -0.00012929688436115382
 0.030002180137147918 1.3614231522407483e-06 2.0619660921153025e-06 -2.9080740746589839e-06 -0.00012927626936633374
 0.030002192357475737 1.0817607527247031e-06 2.0629250063454408e-06 -3.4333430942723453e-06 -0.00012925564492868115
 0.030002201763553556 7.9941347616574454e-07 2.0638935962032827e-06 -3.8283581154097135e-06 -0.0001292350108342873
 0.030002208353287339 5.1928450206517596e-07 2.064849454042777e-06 -4.0939647445448202e-06 -0.00012921436709956399
 0.030002212172072874 2.4595802822213741e-07 2.0657716744959921e-06 -4.2331365543990529e-06 -0.00012919371395772741
 0.030002213309304096 -1.6359507554186692e-08 2.0666411197841099e-06 -4.2508028263998909e-06 -0.00012917305184241207
 0.030002211894342021 -2.6388847493286072e-07 2.0674406400557127e-06 -4.1536532946473415e-06 -0.00012915238136885522
 0.030002208092043015 -4.9331510285077762e-07 2.0681552476339024e-06 -3.9499244981477943e-06 -0.00012913170331310756
 0.030002202097946951 -7.0182045228128764e-07 2.0687722448873213e-06 -3.6491723882647875e-06 -0.00012911101858973365
 0.030002194133225718 -8.8709940215814242e-07 2.0692813062376863e-06 -3.2620358123569559e-06 -0.00012909032822846361
 0.030002184439490806 -1.047369902446027e-06 2.0696745155610779e-06 -2.7999953655655219e-06 -0.00012906963335024911
 0.030002173273555421 -1.1813728979515048e-06 2.069946360915031e-06 -2.2751319417313454e-06 -0.00012904893514316062
 0.030002160902241799 -1.2883634603333416e-06 2.0700936891332325e-06 -1.6998890579600356e-06 -0.00012902823483854035
 0.030002147597318472 -1.3680937822890815e-06 2.0701156233537315e-06 -1.0868427318122542e-06 -0.0001290075336877974
 0.03000213363064521 -1.4207887874539971e-06 2.0700134470014999e-06 -4.4848235214445253e-07 -0.00012898683294019836
 0.030002119269595319 -1.4471151905948165e-06 2.0697904581007181e-06 2.0299440572912886e-07 -0.00012896613382196992
 0.030002104772816354 -1.4481449043812766e-06 2.069451798072529e-06 8.5586997844444568e-07 -0.00012894543751698937
 0.030002090386381151 -1.4253137335940025e-06 2.0690042593624449e-06 1.4990764112265964e-06 -0.00012892474514929669
 0.030002076340371463 -1.3803763213582343e-06 2.0684560763504405e-06 2.122344196386905e-06 -0.00012890405776761773
 0.0300020628459268 -1.3153583215963494e-06 2.0678167040221384e-06 2.7163291289600267e-06 -0.00012888337633204313
 0.030002050092781396 -1.2325067601515194e-06 2.0670965888239809e-06 3.2727163130630288e-06 -0.0001288627017029633
 0.030002038247302715 -1.1342395247193604e-06 2.0663069360032016e-06 3.7843008815485746e-06 -0.00012884203463231597
 0.030002027451035605 -1.0230948823963804e-06 2.0654594775573352e-06 4.2450454074138833e-06 -0.00012882137575716054
 0.030002017819747637 -9.0168187263928168e-07 2.0645662446486896e-06 4.6501143853294735e-06 -0.00012880072559555379
 0.03000200944296277 -7.7263235989666335e-07 2.0636393480651148e-06 4.9958865109278605e-06 -0.00012878008454466402
 0.030002002383963274 -6.3855545626156918e-07 2.062690769951271e-06 5.2799458398755661e-06 -0.00012875945288102681
 0.030001996680232859 -5.0199494552871649e-07 2.0617321696694358e-06 5.5010531749832836e-06 -0.000128738830762815
 0.030001992344308268 -3.6539025166648642e-07 2.0607747062403653e-06 5.6590993109395527e-06 -0.00012871821823396898
 0.03000198936500155 -2.3104140481344793e-07 2.0598288793999059e-06 5.7550419549912135e-06 -0.00012869761523001116
 0.030001987708951131 -1.0107836442840856e-07 2.0589043908772779e-06 5.7908283284113793e-06 -0.00012867702158534977
 0.030001987322456746 2.2565035090460484e-08 2.0580100270614155e-06 5.7693055726115716e-06 -0.00012865643704186382
 0.030001988133551 1.381723429838555e-07 2.0571535638041127e-06 5.6941211636907241e-06 -0.00012863586125855115
 0.030001990054259207 2.4426087349982417e-07 2.0563416936884892e-06 5.5696155889517485e-06 -0.00012861529382201612
 0.030001992982998618 3.3959321468768344e-07 2.0555799756959885e-06 5.400709532477066e-06 -0.00012859473425757263
 0.030001996807068696 4.2318395018781096e-07 2.0548728068289042e-06 5.1927877824375912e-06 -0.00012857418204073996
 0.030002001405185334 4.9430175683151667e-07 2.0542234149097593e-06 4.9515820015333389e-06 -0.00012855363660891584
 0.030002006650013839 5.5246710820022749e-07 2.0536338714566412e-06 4.6830543987130824e-06 -0.00012853309737302
 0.030002012410658207 5.9744587496690649e-07 2.0531051232675285e-06 4.3932842059835053e-06 -0.00012851256372891433
 0.030002018555067251 6.2923916538393243e-07 2.0526370411074737e-06 4.0883587064666216e-06 -0.00012849203506842016
 0.030002024952321977 6.4806979321874181e-07 2.0522284836966978e-06 3.7742703911103348e-06 -0.00012847151078977054
 0.03000203147477248 6.5436579371747072e-07 2.0518773750445628e-06 3.4568216134012175e-06 -0.00012845099030735441
 0.030002037999997119 6.487414351552534e-07 2.0515807930622824e-06 3.141537921358406e-06 -0.00012843047306062899
 0.030002044412561202 6.3197618899168972e-07 2.0513350673141565e-06 2.8335910253751706e-06 -0.00012840995852209892
 0.030002050605557138 6.0499212922726642e-07 2.0511358837432608e-06 2.5377321395403385e-06 -0.00012838944620428082
 0.030002056481912655 5.6883023188958326e-07 2.0509783942040559e-06 2.2582362262379974e-06 -0.00012836893566559509
 0.030002061955458504 5.2462603614134018e-07 2.0508573286829495e-06 1.9988574548879257e-06 -0.00012834842651514704
 0.030002066951751387 4.7358511301442974e-07 2.0507671081748018e-06 1.7627959763011347e-06 -0.00012832791841638081
 0.030002071408652423 4.1695876573655255e-07 2.050701956263592e-06 1.5526759273853941e-06 -0.00012830741108960968
 0.030002075276665419 3.5602035644566321e-07 2.050656007620698e-06 1.370534382427735e-06 -0.0001282869043134443
 0.030002078519043102 2.920426222796646e-07 2.0506234117600086e-06 1.2178208195212648e-06 -0.00012826639792515849
 0.030002081111672758 2.2627630461014014e-07 2.0505984305881466e-06 1.0954064944002084e-06 -0.00012824589182004728
 0.030002083042755989 1.5993037627559659e-07 2.0505755284565665e-06 1.0036030031468357e-06 -0.0001282253859498461
 0.030002084312299747 9.4154107316279934e-08 2.0505494536350111e-06 9.4218919555189018e-07 -0.00012820488032029128
 0.030002084931438012 3.0021164526550237e-08 2.0505153103350616e-06 9.1044549455077117e-07 -0.00012818437498791265
 0.030002084921605349 -3.1484103213408332e-08 2.0504686206013851e-06 9.0719463607946693e-07 -0.00012816387005615601
 0.030002084313584625 -8.9478090187222747e-08 2.0504053756270233e-06 9.3084775953933274e-07 -0.00012814336567093922
 0.030002083146452262 -1.4318700783388927e-07 2.0503220762251419e-06 9.7945477728345054e-07 -0.00012812286201574927
 0.030002081466444553 -1.919535905781089e-07 2.0502157624075834e-06 1.0507579248919541e-06 -0.00012810235930638919
 0.030002079325768705 -2.3524145675857255e-07 2.0500840321929564e-06 1.1422474099909152e-06 -0.0001280818577854831
 0.030002076781381726 -2.726371857442178e-07 2.0499250499528233e-06 1.2512181011281598e-06 -0.00012806135771684587
 0.030002073893759616 -3.0385020749479352e-07 2.0497375447459327e-06 1.3748262512880416e-06 -0.00012804085937981978
 0.030002070725678048 -3.2871063243566923e-07 2.0495207992591398e-06 1.5101452868204746e-06 -0.00012802036306367546
 0.03000206734102441 -3.4716517621768972e-07 2.0492746300647359e-06 1.6542197895930144e-06 -0.00012799986906216742
 0.030002063803659419 -3.5927135721980363e-07 2.0489993600370437e-06 1.8041168630134052e-06 -0.00012797937766832689
 0.030002060176344568 -3.6519016385905267e-07 2.0486957838359741e-06 1.9569741653846506e-06 -0.000127958889169566
 0.03000205651974967 -3.6517740309438551e-07 2.0483651274380956e-06 2.1100439993038123e-06 -0.0001279384038431578
 0.0300020528915526 -3.5957395072561127e-07 2.0480090027408726e-06 2.2607329401846954e-06 -0.00012791792195214637
 0.030002049345641078 -3.48795131194235e-07 2.0476293582791716e-06 2.4066365931219025e-06 -0.00012789744374173116
 0.030002045931424064 -3.3331945550885145e-07 2.0472284271146014e-06 2.5455691741171904e-06 -0.00012787696943615938
 0.030002042693258006 -3.1367694314221595e-07 2.0468086729335351e-06 2.6755877133854966e-06 -0.00012785649923614906
 0.030002039669991067 -2.9043724841804064e-07 2.046372735358651e-06 2.7950107870378105e-06 -0.00012783603331685607
 0.030002036894626171 -2.6419780266295767e-07 2.0459233754469572e-06 2.9024317718118198e-06 -0.00012781557182638774
 0.030002034394101682 -2.3557217007641462e-07 2.0454634222750534e-06 2.996726716109066e-06 -0.00012779511488485694
 0.030002032189186741 -2.0517880133796851e-07 2.0449957214469005e-06 3.077057007194739e-06 -0.00012777466258396124
 0.030002030294486334 -1.7363035112460956e-07 2.0445230862860741e-06 3.1428670825839333e-06 -0.00012775421498706417
 0.030002028718549761 -1.4152370658715441e-07 2.0440482523703977e-06 3.1938775144624287e-06 -0.00012773377212974845
 0.030002027464074713 -1.0943085410053399e-07 2.043573835989001e-06 3.2300738463941769e-06 -0.00012771333402080456
 0.03000202652819807 -7.7890689259563217e-08 2.0431022969890971e-06 3.2516916144142982e-06 -0.00012769290064361334
 0.030002025902863501 -4.7401854080808548e-08 2.0426359063921646e-06 3.2591980252405506e-06 -0.00012767247195787632
 0.030002025575255303 -1.8416662861397981e-08 2.0421767190442969e-06 3.2532707883170531e-06 -0.00012765204790164507
 0.030002025528287339 8.6638441976205627e-09 2.041726551473542e-06 3.2347746243832631e-06 -0.00012763162839359802
 0.030002025741135762 3.3493700701825446e-08 2.0412869650266547e-06 3.2047359805886799e-06 -0.00012761121333551236
 0.030002026189803965 5.5784668911984525e-08 2.0408592542696521e-06 3.1643164730699169e-06 -0.00012759080261487828
 0.030002026847708446 7.5307771407739921e-08 2.0404444405378941e-06 3.1147855861224372e-06 -0.00012757039610760313
 0.030002027686274531 9.1893738118908885e-08 2.0400432704565817e-06 3.0574931235705094e-06 -0.00012754999368075524
 0.030002028675531367 1.0543242312532897e-07 2.0396562191610538e-06 2.9938418915076426e-06 -0.00012752959519529876
 0.030002029784696207 1.1587126086398669e-07 2.0392834979046344e-06 2.9252610600494222e-06 -0.00012750920050877388
 0.030002030982738792 1.2321284248439923e-07 2.0389250656617638e-06 2.8531806108844648e-06 -0.00012748880947788092
 0.030002032238917481 1.2751170358482611e-07 2.038580644312467e-06 2.7790072403277577e-06 -0.00012746842196092998
 0.030002033523279716 1.2887042291631623e-07 2.0382497369389159e-06 2.7041020362883472e-06 -0.00012744803782012272
 0.030002034807120468 1.2743513722046629e-07 2.0379316487531334e-06 2.6297602067071324e-06 -0.00012742765692363775
 0.030002036063393366 1.2339058100274691e-07 2.0376255101499504e-06 2.5571930795109665e-06 -0.0001274072791474956
 0.030002037267070309 1.1695476226369905e-07 2.0373303013747736e-06 2.4875125474999038e-06 -0.00012738690437718472


